Task 1 - 500-word sample chunks: 2

Task 2 - first 3 privacy chunks:
Chunk 1: This privacy policy explains how a food delivery application collects, uses, stores, and protects information. The application may collect account details, delivery addresses, payment confirmations, device information, restaurant preferences, and support conversations. Location information is used to show nearby restaurants and improve delivery tracking when permission is enabled. Order information is used to process purchases, calculate delivery charges, provide receipts, handle refunds, and resolve complaints. The service may share necessary order details with restaurants, delivery partners, payment processors, and legal authorities when required. Personal information is retained only for as long as needed for the stated purpose, legal obligations, safety,

Chunk 2: authorities when required. Personal information is retained only for as long as needed for the stated purpose, legal obligations, safety, dispute handling, and fraud prevention. Users may request access, correction, or deletion subject to legal and operational requirements. Security measures include access controls, encryption in transit, monitoring, and restricted employee access. Users should protect passwords and report suspicious activity promptly. Policy changes are posted in the application, and continued use after a change may indicate acceptance. Questions about privacy can be sent to the support team through the Help section.

Chunk 3: be sent to the support team through the Help section.

Task 3 - The pizza was amazing: [-0.127864271402359, 0.12176869064569473, -0.0008410781156271696, 0.06961903721094131, -0.07192160934209824, -0.00479644350707531, -0.0009236655314452946, 0.030849220231175423, -0.005855878349393606, -0.10486356914043427, 0.005873714108020067, 0.028647111728787422, 0.04584035277366638, -0.03845858573913574, -0.00262250448577106, -0.10715416073799133, 0.148887500166893, -0.042721472680568695, -0.029154909774661064, -0.06177084892988205, -0.026934167370200157, -0.02852102369070053, 0.003106004325672984, 0.013701658695936203, 0.004097039811313152, 0.07831156253814697, 0.03806956484913826, 0.019370200112462044, 0.018835803493857384, -0.03922489285469055, -0.017106028273701668, 0.04780033603310585, 0.06913135200738907, -0.0070604439824819565, -0.034926630556583405, 0.03604428097605705, 0.04940245300531387, -0.09710836410522461, 0.08242025226354599, 0.02445504441857338, 0.03677475079894066, -0.002804817631840706, 0.12210357934236526, -0.04459783434867859, 0.008000744506716728, -0.026665322482585907, -0.003026458667591214, -0.026408253237605095, 0.04207950457930565, 0.000921502651181072, -0.04322643205523491, 0.005122112575918436, 0.0030900391284376383, -0.09723182767629623, -0.015989573672413826, 0.010682115331292152, 0.012268810532987118, -0.06117590144276619, 0.009179810993373394, -0.06439746916294098, -0.03689074143767357, -0.035707179456949234, 0.03933117166161537, 0.04480120539665222, -0.027883008122444153, -0.10981340706348419, -0.0465121828019619, -0.0421389602124691, -0.03257390484213829, 0.07269386947154999, -0.03583472594618797, 0.09353701025247574, 0.0025111213326454163, -0.04332263022661209, 0.02887841686606407, 0.05034395679831505, 0.0017974082147702575, -0.08206400275230408, -0.034680888056755066, -9.602920908946544e-05, 0.05247396230697632, -0.10838968306779861, -0.07946158200502396, -0.003495230106636882, -0.009998062625527382, -0.010421657003462315, 0.003533789422363043, 0.054856155067682266, -0.002113926690071821, 0.01763826236128807, 0.050620004534721375, -0.0018586894730105996, -0.11134229600429535, 0.04475691169500351, -0.048543673008680344, -0.06588444858789444, -0.049010828137397766, -0.053597837686538696, 0.026392584666609764, 0.11133172363042831, 0.014865685254335403, 0.06071988493204117, 0.011841191910207272, -0.1010197103023529, 0.0349203497171402, -0.0005508027388714254, 0.07234517484903336, 0.014915185049176216, 0.03315098583698273, 0.01859665848314762, -0.015431041829288006, 0.03904593363404274, 0.007354697212576866, -0.03136187419295311, -0.030966270714998245, 0.012001140043139458, 0.09264366328716278, -0.00551010575145483, -0.0031726877205073833, -0.04337634518742561, 0.06907864660024643, 0.01068248599767685, 0.022689200937747955, 0.007245736662298441, -0.05846715345978737, -0.03965582326054573, 0.08355836570262909, -5.403828345966675e-33, -0.04694041982293129, -0.005552470218390226, 0.042247921228408813, 0.004360201768577099, 0.1048031598329544, 0.037898048758506775, 0.02846795879304409, -0.07369707524776459, -0.06483226269483566, -0.04258083924651146, -0.018534880131483078, -0.002896682359278202, 0.009846610017120838, -0.013010617345571518, 0.0020929130259901285, -0.05886068195104599, -0.05506860837340355, 0.015792544931173325, -0.007762862369418144, 0.04684218764305115, -0.031965531408786774, -0.01554106641560793, 0.007238537073135376, 0.029026808217167854, -0.0538080558180809, 0.06295617669820786, 0.002228866796940565, 0.06310796737670898, 0.007225145120173693, 0.0027889790944755077, 0.05572986975312233, 0.05856812372803688, -0.023228110745549202, 0.07638110220432281, 0.06313490867614746, 0.015677526593208313, -0.028981124982237816, -0.039151452481746674, -0.012043630704283714, 0.06290145218372345, 0.01628619246184826, 0.006038175895810127, -0.007161587942391634, -0.02153545245528221, -0.021939881145954132, 0.017412979155778885, -0.04039014130830765, 0.046121831983327866, 0.03970981761813164, -0.028703421354293823, 0.006269808392971754, 0.004347863607108593, 0.04102326184511185, 0.019512252882122993, -0.0294698104262352, 0.033775970339775085, 0.016228970140218735, 0.056522056460380554, -0.016140740364789963, -0.02814427576959133, 0.052450090646743774, 0.11630456894636154, 0.020475273951888084, -0.029976416379213333, -0.03759961575269699, 0.03263914957642555, 0.04123055934906006, 0.0048866476863622665, -0.048878204077482224, 0.012452456168830395, 0.016421647742390633, -0.06828573346138, 0.06707102805376053, -0.05393659695982933, -0.020071355625987053, 0.022301580756902695, -0.11819405108690262, -0.03611533343791962, 0.016086695715785027, -0.012727743946015835, 0.09093667566776276, -0.04361516609787941, 0.09199044853448868, -0.06710684299468994, -0.01635335013270378, 0.03815196454524994, 0.0031410809606313705, -0.07935802638530731, -0.01100557204335928, -0.004156243521720171, -0.022229954600334167, -0.07270735502243042, 0.10712029784917831, -0.05433136597275734, -0.015514464117586613, 3.743650490993495e-33, 0.03153882175683975, 0.06790769100189209, 0.04319355636835098, -0.02426416426897049, -0.03042715974152088, -0.01577010191977024, -0.11179231852293015, -0.009562693536281586, -0.05869290605187416, 0.00980746652930975, 0.07040683925151825, 0.003989432938396931, 0.0812910720705986, -0.010572623461484909, -0.01795031689107418, 0.06302434951066971, 0.023009801283478737, -0.005181614309549332, 0.01101690623909235, 0.03239059820771217, -0.019702833145856857, -0.0162416510283947, -0.047672610729932785, 0.03635893762111664, -0.025983532890677452, 0.06974771618843079, 0.006636785808950663, 0.05641162395477295, -0.012771250680088997, -0.02675069123506546, -0.006575424689799547, 0.007752781268209219, -0.03997980058193207, 0.005605111829936504, 0.0007196567021310329, 0.1479966789484024, -0.015105882659554482, 0.006922855507582426, 0.029877888038754463, -0.014751927927136421, -0.05233069881796837, -0.047910407185554504, 0.04483318328857422, 0.15207818150520325, 0.05149797350168228, -0.010400908999145031, -0.01837729848921299, -0.10156363993883133, -0.055170003324747086, 0.023033596575260162, -0.11857761442661285, 0.043077655136585236, -0.05704675614833832, 2.521715396142099e-05, 0.01734805852174759, 0.02186514250934124, -0.02361847274005413, 0.00533929793164134, 0.012338604778051376, -0.12311160564422607, -0.12265514582395554, -0.003946786746382713, -0.05586020275950432, 0.05142859369516373, 0.07881615310907364, 0.04185226559638977, 0.0024119578301906586, -0.10937275737524033, -0.06162925437092781, 0.01310568768531084, -0.07102538645267487, 0.07096251100301743, -0.1052313819527626, 0.03549014404416084, 0.0030858239624649286, -0.04620686545968056, -0.02542916126549244, 0.046272411942481995, -0.028343016281723976, -0.033144112676382065, 0.02941770851612091, -0.013369936496019363, -0.11617058515548706, 0.022956684231758118, 0.04900530353188515, 0.005970092955976725, 0.037248361855745316, -0.0827680379152298, -0.08362562954425812, 0.06580764800310135, 0.01079105120152235, 0.03532504662871361, -0.011132730171084404, 0.013232896104454994, 0.1012539491057396, -1.4291972938451636e-08, 0.037636760622262955, 0.03735019266605377, -0.12064046412706375, -0.019491398707032204, 0.028006454929709435, -0.057248760014772415, -0.009013175033032894, -0.024247512221336365, -0.035387780517339706, 0.07694488763809204, -0.07494034618139267, 0.08461646735668182, 0.020161306485533714, 0.10435374826192856, 0.015774326398968697, -0.0026024410035461187, 0.046057019382715225, 0.0028706733137369156, 0.02217736840248108, 0.09540214389562607, 0.017533501610159874, -5.4008138249628246e-05, -0.015382138080894947, -0.0666872188448906, 0.03261178359389305, 0.006443698424845934, -0.004814491607248783, 0.019428793340921402, 0.03365693986415863, 0.03767598047852516, 0.03264904394745827, -0.06934154778718948, -0.018752172589302063, 0.012443259358406067, -0.038475774228572845, 0.023350507020950317, -0.05531588941812515, -0.06938667595386505, 0.09800570458173752, -0.0841403529047966, 0.007054376881569624, 0.03822857141494751, -0.06113598868250847, -0.0034904649946838617, -0.025967087596654892, 0.012900390662252903, -0.06973455846309662, -0.020383574068546295, -0.05339766666293144, 0.031715359538793564, -0.02501603029668331, 0.006243612617254257, 0.015301769599318504, 0.038071367889642715, 0.10931083559989929, 0.008132337592542171, 0.0023949742317199707, 0.08482322096824646, -0.0049765161238610744, 0.11801046133041382, 0.013895847834646702, 0.061105310916900635, -0.009151935577392578, -0.004902858752757311]
Task 3 - Service was slow: [0.011299677193164825, 0.013513811863958836, -0.009922003373503685, -0.028048977255821228, 0.027204671874642372, -0.1028849333524704, -0.014984226785600185, -0.06984063237905502, 0.04691123962402344, 0.027468852698802948, 0.0061257379129529, 0.046049438416957855, -0.010022210888564587, 0.058943066745996475, 0.022394519299268723, -0.08951221406459808, 0.12700176239013672, -0.0765526071190834, -0.1262194663286209, 0.01395142637193203, -0.12239308655261993, 0.0029677734710276127, -0.056146424263715744, 0.010889112018048763, -0.005045820958912373, 0.015076854266226292, -0.08592019975185394, 0.005789015907794237, -0.00209493818692863, -0.08076702058315277, -0.02187379077076912, -0.00431194668635726, 0.03406544774770737, 0.00596335344016552, 0.02514292486011982, 0.038516949862241745, 0.04566515237092972, 0.01381345372647047, 0.038517799228429794, 0.02444487251341343, 0.02776566706597805, -0.006723995320498943, -0.02050725743174553, 0.05360763520002365, 0.025124289095401764, -0.0067919231951236725, 0.03372941538691521, -0.02165377140045166, 0.08676385879516602, -0.029107103124260902, -0.04734447970986366, -0.008975260891020298, -0.029391879215836525, -0.10400635749101639, 0.0039171455428004265, 0.013027668930590153, 0.007057464215904474, 0.08367543667554855, 0.022141290828585625, -0.0017843690002337098, -0.01354968175292015, -0.043466489762067795, 0.03771806135773659, 0.021869070827960968, 0.03931727632880211, -0.004439337179064751, 0.03820294886827469, -0.07920709997415543, -0.002332112519070506, -0.032359082251787186, 0.0064181191846728325, 0.1487797647714615, 0.008829898200929165, 0.045572057366371155, 0.01343334186822176, -0.02193720079958439, 0.05746452510356903, -0.03317934647202492, 0.06694105267524719, -0.12820465862751007, -0.015059232711791992, -0.08099443465471268, -0.06240151450037956, 0.07731770724058151, 0.012740777805447578, -0.016057511791586876, 0.01799815334379673, -0.0638064369559288, -0.05219053104519844, -0.07138955593109131, 0.07018925249576569, 0.05796155706048012, 0.05030332878232002, -0.013332217931747437, 0.005930033512413502, -0.0003740442334674299, 0.04604436829686165, -0.04294782504439354, -0.04048490151762962, 0.1414181888103485, 0.05058250203728676, 0.12024771422147751, 0.007517054211348295, 0.05145079270005226, -0.009827603586018085, -0.00348578835837543, 0.054971642792224884, 0.11844908446073532, -0.08530618995428085, 0.05359857156872749, 0.007882561534643173, -0.013962655328214169, -0.036575816571712494, 0.07525376975536346, -0.050118014216423035, 0.0019940093625336885, -0.051491037011146545, -0.018975159153342247, -0.01807180792093277, 0.03179577738046646, 0.010927572846412659, 0.03200152888894081, -0.06436065584421158, -0.06374411284923553, -0.0240827314555645, 0.04237327352166176, 0.15262070298194885, -2.2269727619358775e-33, -0.03986668586730957, -0.0405728854238987, -0.0014171163784340024, 0.0013969434658065438, -0.00014803188969381154, -0.002377177355811, 0.007054449059069157, 0.04972414672374725, -0.04872094839811325, 0.014537548646330833, -0.04020141437649727, 0.020083380863070488, -0.004998498596251011, -0.03307320922613144, 0.06558966636657715, -0.0693826824426651, 0.03735772892832756, 0.008783669210970402, 0.01643942855298519, -0.003881866578012705, 0.014799888245761395, -0.04042477905750275, -0.051093894988298416, 0.00542865926399827, 0.03328685462474823, 0.021797381341457367, 0.012339998036623001, -0.015196717344224453, 0.08803866058588028, 1.1242836080782581e-05, 0.03976628929376602, 0.0053345514461398125, -0.006845708936452866, 0.011106567457318306, 0.024053670465946198, -0.0378468818962574, 0.0637546107172966, -0.051470886915922165, 0.015523837879300117, -0.038150809705257416, -0.04590470343828201, 0.026440124958753586, -0.09229259938001633, -0.01245273370295763, -0.04983743652701378, 0.013019876554608345, -0.05171620100736618, 0.006475236266851425, -0.01097903773188591, 0.09959898889064789, 0.02842702902853489, 0.027513833716511726, -0.0701402872800827, 0.05067162960767746, 0.003051605774089694, 0.06969251483678818, 0.06728401780128479, 0.03217371553182602, -0.024302931502461433, 0.02878989279270172, 0.059220340102910995, -0.06215670704841614, -0.038659922778606415, -0.01232192199677229, 0.0584954097867012, -0.1011011078953743, -0.010130566544830799, 0.039468422532081604, -0.005900574382394552, -0.025052513927221298, -0.038256753236055374, -0.050810616463422775, 0.12288929522037506, 0.018523648381233215, 0.020068518817424774, -0.05722657963633537, -0.04322635754942894, -0.029152236878871918, -0.09852906316518784, -0.01648285798728466, -0.017481302842497826, 0.009659781120717525, -0.016308045014739037, -0.022678852081298828, 0.06067647412419319, 2.5365696274093352e-05, 0.031017566099762917, -0.029259657487273216, -0.028310256078839302, 0.02301131561398506, -0.09189058840274811, 0.09165391325950623, -0.008245287463068962, 0.016876831650733948, -0.045603588223457336, 2.1183736143092065e-33, -0.06447086483240128, -0.06533664464950562, 0.006659432779997587, 0.08235187828540802, 0.018873028457164764, -0.01638287678360939, -0.03856860101222992, 0.09579488635063171, -0.01944526843726635, 0.09832940250635147, 0.03399759531021118, -0.025243569165468216, 0.009963245131075382, -0.00999425258487463, 0.017402542755007744, 0.07823856920003891, 0.0580831915140152, 0.03278520330786705, 0.07202716171741486, 0.07378394156694412, -0.05051388591527939, 0.11616440862417221, 0.01780865527689457, 0.024945814162492752, -0.08503302931785583, 0.05858540162444115, -0.029442738741636276, 0.013180820271372795, -0.06825549900531769, -0.05629333108663559, 0.034086231142282486, -0.013870883733034134, -0.05924983695149422, 0.011821666732430458, 0.004079917911440134, 0.08188182860612869, 0.02764001116156578, 0.028968892991542816, -0.08265481144189835, -0.030899519100785255, 0.04016684368252754, -0.0258912555873394, -0.031666435301303864, -0.006241164170205593, -0.028334178030490875, -0.042511504143476486, -0.044806599617004395, -0.0883263647556305, 0.017270993441343307, 0.1284514218568802, -0.02351541817188263, -0.024072613567113876, 0.050341419875621796, 0.04594552889466286, 0.001734462333843112, -0.00943795870989561, -0.038637369871139526, -0.04456355422735214, -0.0557888001203537, -0.007317798677831888, 0.05343475937843323, -0.017994070425629616, -0.06869039684534073, -0.02820577286183834, 0.11941973119974136, -0.01551018562167883, 0.07452952116727829, -0.04085828363895416, 0.04509150609374046, 0.02503674477338791, -0.04687749966979027, 0.03830237686634064, -0.04994524270296097, 0.09525498747825623, -0.04610118642449379, -0.08165904879570007, -0.07184349745512009, 0.03082576021552086, -0.038292478770017624, -0.015000957064330578, 0.011754498817026615, 0.030197376385331154, -0.0801130160689354, -0.046100273728370667, -0.09439437836408615, -0.016654537990689278, 0.13765355944633484, -0.02297823689877987, -0.017642226070165634, 0.027152566239237785, 0.036432310938835144, -0.06403610855340958, 0.016849366948008537, 0.10025299340486526, -0.010857177898287773, -1.29046409114153e-08, 0.016376230865716934, 0.030611587688326836, 0.02358999289572239, 0.044048912823200226, 0.0320252925157547, 0.02124200388789177, -0.0007069703424349427, 0.12901334464550018, 0.016718363389372826, 0.04850234463810921, -0.04227284714579582, 0.024755096063017845, 0.0035929467994719744, 0.05609072744846344, 0.09542281925678253, -0.05898182466626167, -0.09390972554683685, -0.04043319821357727, -0.035116199404001236, -0.05555151030421257, 0.04870856553316116, 0.029368169605731964, -0.039547279477119446, -0.07601102441549301, 0.006758764386177063, -0.00046817786642350256, 0.044264961034059525, 0.03878915309906006, -0.007998033426702023, -0.025046594440937042, -0.0636138841509819, -0.025572851300239563, -0.0215657576918602, -0.05718916654586792, -0.07165474444627762, -0.024685252457857132, -0.05248051509261131, -0.006451172288507223, 0.024992546066641808, -0.012864146381616592, 0.03792101517319679, 0.11603574454784393, -0.029765157029032707, -0.05841922014951706, 0.043638888746500015, -0.01898246817290783, -0.0335376113653183, 0.019517600536346436, 0.06484559923410416, -0.047124993056058884, 0.0016424509231001139, -0.03936954215168953, -0.005552791059017181, 0.013240013271570206, 0.04235308617353439, -0.0030211969278752804, 0.07324911653995514, -0.07503129541873932, 0.022738495841622353, 0.12205905467271805, -0.03582344576716423, -0.05112181603908539, -0.04388171061873436, -0.022752583026885986]
Task 3 - Loved the ambience: [-0.012118295766413212, 0.049616821110248566, 0.0430731475353241, 0.04374348372220993, 0.039660003036260605, -0.0201531071215868, 0.04435141757130623, -0.024338500574231148, 0.026119722053408623, -0.0052405958995223045, -0.08408714830875397, 0.008850549347698689, 0.014759251847863197, -0.026453310623764992, -0.021733039990067482, 0.07575536519289017, 0.08663558214902878, -0.008341709151864052, 0.06054849177598953, -0.005162070970982313, -0.08916051685810089, 0.04361302778124809, 0.055717069655656815, 0.02765781618654728, -0.007345547433942556, 0.03356488421559334, 0.04078162834048271, 0.03610401973128319, 0.09904827922582626, -0.06487356126308441, -0.0015142326010391116, 0.12628154456615448, 0.1460949033498764, -0.02148422785103321, -0.0371868871152401, 0.009855649434030056, 0.09287650883197784, -0.03176352381706238, -0.07118592411279678, 0.10225784778594971, -0.014341089874505997, 0.01422674860805273, -0.008193477056920528, -0.030228396877646446, -0.07929766178131104, 0.008685166947543621, 0.021359246224164963, -0.058768048882484436, 0.13536514341831207, 0.055763352662324905, 0.038351643830537796, -0.03337878733873367, -0.04805992171168327, -0.05933240056037903, -0.01725313626229763, 0.05130041018128395, -0.021952830255031586, -0.011164366267621517, 0.044491205364465714, -0.012872813269495964, -0.0011688426602631807, 0.02485434152185917, -0.007405146956443787, 0.02125525288283825, 0.04629732295870781, -0.018147025257349014, -0.06884213536977768, -0.016350772231817245, 0.05633068457245827, -0.047404006123542786, -0.024981098249554634, 0.014627254568040371, 0.056670431047677994, -0.0821186900138855, -0.0601353794336319, 0.07821124792098999, -0.0006032459205016494, -0.11704952269792557, 0.017452523112297058, -0.08239668607711792, -0.020370187237858772, -0.1216653510928154, -0.05584157258272171, -0.10159187018871307, -0.0067380741238594055, -0.06369375437498093, 0.060495417565107346, -0.04198470339179039, -0.05327679216861725, -0.007737015839666128, -0.018567943945527077, -0.04955778643488884, -0.13479723036289215, -0.05651041492819786, 0.0290067158639431, -0.023918338119983673, 0.028508294373750687, -0.07381070405244827, 0.0006831479258835316, 0.08179305493831635, 0.007673610467463732, 0.01442229375243187, 0.007502715103328228, 0.059145767241716385, -0.029030010104179382, -0.066848985850811, 0.06495088338851929, 0.03241134062409401, 0.01894826628267765, 0.013650977984070778, -0.04526980221271515, -0.04499850422143936, 0.038137562572956085, -0.01614457182586193, 0.06708765029907227, -0.001391883473843336, -0.007465283386409283, 0.08201689273118973, 0.1216997429728508, 0.011131593026220798, 0.07832251489162445, -0.009166412055492401, 0.016272230073809624, -0.049535155296325684, 0.020483756437897682, -0.10850613564252853, 0.022143328562378883, -3.165811263591845e-33, -0.0402694009244442, 0.011899424716830254, -0.03376605734229088, 0.09110820293426514, 0.12154067307710648, -0.004716566763818264, -0.029548268765211105, -0.003733341582119465, -0.032658010721206665, 0.04939896613359451, 0.013088378123939037, 0.05734734609723091, -0.06039274483919144, 0.03402739390730858, 0.0236598402261734, -0.10201157629489899, 0.0027206132654100657, -0.028357256203889847, -0.02443929947912693, 0.0113924415782094, -0.09259188175201416, 0.0795629471540451, -0.0014761278871446848, 0.06692049652338028, -0.022509658709168434, 0.0005080865230411291, 0.036930788308382034, 0.013248714618384838, 0.0012736967764794827, 0.03624512627720833, 0.027948036789894104, 0.0005027655279263854, -0.11067142337560654, 0.004612686112523079, -0.044761426746845245, 0.03558140620589256, -0.042931120842695236, 0.038813211023807526, 0.02025010995566845, 0.009964306838810444, -0.02727993205189705, 0.041354916989803314, 0.0005843453691340983, 0.018157191574573517, 0.005081786308437586, 0.08618050813674927, 0.07617224752902985, 0.07454399764537811, 0.08052698522806168, -0.013448377139866352, -0.008111209608614445, -0.007290343288332224, -0.033473193645477295, 0.010393102653324604, -0.03549201413989067, 0.02332177944481373, 0.013577157631516457, 0.03867083787918091, 0.062175311148166656, 0.013763157650828362, 0.013700324110686779, 0.1305408626794815, 0.05753829702734947, -0.051829744130373, 0.058865986764431, 0.020424440503120422, 0.03355536237359047, -0.0010305667528882623, -0.03954988718032837, 0.01176438108086586, -0.059024810791015625, -0.01151712890714407, 0.0928981602191925, 0.009109936654567719, -0.024610299617052078, -0.0074127125553786755, 0.009800748899579048, -0.023685462772846222, -0.052324309945106506, -0.10108396410942078, 0.06065146625041962, 0.05674465373158455, 0.05208368971943855, 0.018717221915721893, 0.046373363584280014, -0.010771484114229679, 0.013075628317892551, -0.05737847089767456, -0.07066510617733002, 0.03942655399441719, -0.005116648506373167, -0.033698201179504395, 0.09398858994245529, -0.05119700729846954, -0.037265270948410034, 2.9603688302016875e-33, 0.10952522605657578, -0.003143137088045478, 0.01433363277465105, -0.09144279360771179, -0.027136975899338722, 0.00029458891367539763, -0.0347251370549202, 0.030534347519278526, -0.06570783257484436, -0.013826356269419193, -0.00048110223724506795, -0.008602633140981197, 0.05441593378782272, -0.013207986950874329, 0.041360363364219666, 0.030025256797671318, 0.05181471258401871, 0.04016616567969322, -0.027650916948914528, 0.012032557278871536, -0.0010385853238403797, 0.017199581488966942, -0.016163162887096405, -0.08544713258743286, -0.050546761602163315, 0.06035568192601204, -0.033856455236673355, 0.021159512922167778, -0.023916447535157204, -0.03598689287900925, -0.041069164872169495, 0.06419243663549423, -0.02107970230281353, -0.06483110785484314, 0.010403151623904705, 0.02803882211446762, 0.027378490194678307, 0.011519432067871094, -0.17262183129787445, -0.05874289199709892, -0.01676064357161522, 0.03765666484832764, 0.07759486883878708, 0.003471838776022196, 0.0941125676035881, -0.03923133388161659, -0.0670185387134552, -0.03159133344888687, -0.028350990265607834, 0.005138306878507137, -0.07835560292005539, -0.047968946397304535, -0.08723536878824234, -0.06280655413866043, -0.03435252234339714, -0.015777695924043655, 0.005899123381823301, -0.009801734238862991, 0.07549138367176056, -0.01826688088476658, -0.029575325548648834, 0.008870243094861507, -0.04548073187470436, -0.07693561166524887, 0.07071805745363235, 0.008476356975734234, 0.03729858621954918, -0.04200111702084541, 0.006582088768482208, 0.017276301980018616, -0.017699407413601875, -0.06579111516475677, -0.07797518372535706, 0.015341226011514664, 0.06873369216918945, -0.0859486311674118, 0.009072111919522285, -0.004012907389551401, -0.003950622398406267, -0.0035069016739726067, 0.02979161962866783, 0.013057313859462738, -0.06894876807928085, 0.07857207953929901, 0.0014492899645119905, 0.0857974961400032, 0.03303295373916626, -0.08858960121870041, -0.036634597927331924, -0.011891307309269905, 0.023886075243353844, 0.04544129967689514, -0.0830654576420784, 0.02619796060025692, 0.03237582743167877, -1.6636924726753932e-08, -0.04476488381624222, -0.021816566586494446, 0.06899639219045639, -0.02513607032597065, 0.017594126984477043, -0.05960658937692642, 0.008585568517446518, 7.067540718708187e-05, -0.07989617437124252, 0.04229370877146721, -0.015026145614683628, -0.011278762482106686, 0.06502961367368698, 0.13395673036575317, 0.03155467286705971, 0.033578161150217056, -0.016966503113508224, 0.043989282101392746, -0.05096755549311638, 0.012428021989762783, 0.01476226095110178, 0.017081886529922485, 0.0685282051563263, -0.026747260242700577, 0.046199049800634384, 0.0067284079268574715, -0.05174482613801956, -0.06024818494915962, 0.013571633957326412, 0.04025823622941971, 0.013748254626989365, 0.06743298470973969, 0.005414403509348631, -0.0405721589922905, -0.0842004269361496, -0.046884685754776, 0.04611334204673767, 0.042799439281225204, -0.00843892153352499, -0.06171540543437004, 0.00805643294006586, -0.07486587762832642, -0.010577867738902569, -0.033877182751894, -0.04730489104986191, -0.05087544396519661, 0.12386958301067352, 0.010645228438079357, -0.047114986926317215, 0.050902314484119415, -0.009979534894227982, -0.014441649429500103, 0.07779014110565186, 0.06976722180843353, 0.046361587941646576, -0.05837979167699814, -0.05527769774198532, 0.0742577612400055, -0.030891479924321175, 0.031997472047805786, -0.014455297030508518, 0.04798475280404091, -0.05658959597349167, -0.04011746495962143]

Task 4 - cosine similarity: 0.8223; the sentences are semantically similar.

Task 5 - overlap explanation:
Overlap keeps nearby words in two chunks. Without it, a review might put the dish name in one chunk and the price or allergy warning in the next, so a search result could miss the connection.